Input: 
10 10 -v

Output:
    0.3467    2.2942    6.6865

    2.0000    2.9329    0.7199    6.3923
    4.5850    4.5850    4.5850    0.1926
    2.0000    2.0000    2.0000    2.0000

    1.0348    2.0000    2.9329    2.9329
    1.1255    4.5850    1.1255    4.5850
    2.0000    2.0000    2.0000    2.0000

    2.9329    2.0000    1.0348    2.9329
    4.5850    4.5850    1.1255    1.1255
    2.0000    2.0000    2.0000    2.0000

    2.0000    2.0000    1.4381    2.9329
    4.5850    1.1255    4.5850    1.1255
    2.0000    2.0000    2.0000    2.0000

    1.4381    2.0000    2.0000    2.9329
    4.5850    0.1926    4.5850    4.5850
    2.0000    2.0000    2.0000    2.0000

Accuracy = 0.6000    Precision = 0/0    Recall = 0

(Note that, in this example, none of the instances were predicted to be
of category 3.)