Input: 50 100 -v

Output:
    0.6936    1.9410    3.0437

    1.6364    2.1449    1.9548    2.3639
    2.6738    2.6738    2.1119    1.1354
    6.0000    6.0000    0.3276    2.5406

    1.1551    2.1449    2.1449    3.3404
    2.6738    2.6738    2.1119    1.1354
    6.0000    2.5406    0.6424    2.5406

    1.6364    1.7868    2.1449    2.6222
    3.6067    2.6738    1.3937    1.3937
    6.0000    2.5406    6.0000    0.3276

    2.1449    1.3758    1.9548    2.9371
    7.0661    2.1119    3.6067    0.5583
    2.5406    2.5406    0.6424    6.0000

    1.1551    1.9548    2.1449    3.9023
    2.1119    1.3937    2.1119    2.6738
    6.0000    1.0458    2.5406    1.6077

Accuracy = 0.6900   Precision = 0.3333  Recall = 0.0625