Input:
500 100 -v

Output:
    0.6398    2.4732    2.4893

    1.4815    1.7569    2.3717    2.7106
    2.7868    3.8894    2.0991    0.8515
    2.6646    2.4732    1.5234    1.6697

    1.5720    1.7875    2.0975    2.8332
    4.4626    3.0258    1.8486    0.8515
    3.0097    2.4732    1.4777    1.5705

    1.8509    1.6126    2.0784    2.6530
    2.2428    2.5818    1.5866    1.7923
    3.2963    2.6646    2.4732    0.8355

    1.9342    1.8188    1.9514    2.3487
    3.8894    2.6806    2.0991    0.8806
    2.3043    2.2267    1.5234    2.0830

    1.8672    1.6544    2.0410    2.5976
    2.2428    1.9073    1.6353    2.3203
    3.4643    2.7707    2.0830    0.9245

Accuracy = 0.7200   Precision = 0.8750   Recall = 0.4375